18 -1.3125
19 -1.3125
20 -0.75
21 -0.75
22 -0.75
23 -0.75
24 -0.75
25 -0.75
26 -0.75
27 -0.75
28 -0.75
29 -0.75
30 -0.75
31 3.5
32 3.5
33 3.5
34 3.5
35 3.5
36 3.85
37 3.85
38 3.85
39 3.85
40 7.5625
41 7.5625
42 15.8125
43 15.8125
44 15.8125
45 15.8125
46 15.8125
47 15.8125
48 15.8125
49 15.8125
50 15.8125
51 17.25
52 17.25
53 27.15
54 27.15
55 27.15
56 27.15
57 27.15
58 27.15
59 27.15
60 29.85
61 29.85
62 29.85
63 29.85
64 29.85
65 29.85
66 33.5812
67 33.5812
68 33.5812
69 33.5812
70 33.5812
71 33.5812
72 33.5812
73 33.5812
74 33.5812
75 33.5812
76 33.5812
77 33.5812
