0 13.29
1 13.29
2 13.29
3 13.29
4 13.29
5 13.29
6 13.29
7 13.29
8 13.29
9 13.29
10 13.29
11 13.29
12 13.29
13 13.29
14 13.29
15 13.29
16 13.29
17 13.29
18 13.29
19 13.29
20 13.29
21 13.29
22 13.29
23 13.29
24 13.29
25 13.29
26 13.29
27 13.29
28 13.29
29 13.29
30 13.29
31 13.29
32 13.29
33 13.29
34 13.29
35 13.29
36 13.29
37 13.29
38 13.29
39 13.29
40 13.29
41 13.29
42 13.29
43 13.29
44 13.29
45 13.29
46 13.29
47 13.29
48 13.29
49 13.29
50 13.29
51 13.29
52 13.29
53 13.29
54 13.29
55 13.29
56 13.29
57 13.29
58 13.29
59 13.29
60 13.29
61 13.29
62 13.29
63 13.29
64 13.29
65 13.29
66 13.29
67 13.29
68 13.29
69 13.29
70 13.29
71 13.29
72 13.29
73 13.29
74 13.29
75 13.29
76 13.29
77 13.29
78 13.29
79 13.29
80 13.29
81 13.29
82 13.29
83 13.29
84 13.29
85 13.29
86 13.29
87 13.29
88 13.29
89 13.29
90 13.29
91 13.29
92 13.29
93 13.29
94 13.29
95 13.29
96 13.29
97 13.29
98 13.29
99 13.29
100 13.29
